-97.11881,160.7895;
-94.68697,161.0601;
-92.25493,161.328;
-89.82649,161.5931;
-87.40546,161.8555;
-84.99561,162.1151;
-82.60059,162.3721;
-80.22401,162.6263;
-77.86935,162.8778;
-75.53989,163.1266;
-73.23881,163.3728;
-70.96902,163.6162;
-68.73331,163.8571;
-66.53421,164.0952;
-64.37395,164.3308;
-62.25466,164.5637;
-60.17812,164.794;
-58.14595,165.0216;
-56.15945,165.2467;
-54.21979,165.4693;
-52.32785,165.6892;
-50.48428,165.9066;
-48.6896,166.1214;
-46.94408,166.3338;
-45.24784,166.5436;
-43.60087,166.7509;
-42.00288,166.9557;
-40.4536,167.1581;
-38.95257,167.358;
-37.49918,167.5554;
-36.0928,167.7504;
-34.73266,167.943;
-33.41793,168.1332;
-32.14771,168.321;
-30.92109,168.5064;
-29.73706,168.6895;
-28.59461,168.8702;
-27.49269,169.0486;
-26.43021,169.2247;
-25.40612,169.3985;
-24.41932,169.5701;
-23.46869,169.7393;
-22.5532,169.9064;
-21.67172,170.0712;
-20.82317,170.2338;
-20.0065,170.3942;
-19.22067,170.5524;
-18.46468,170.7085;
-17.73743,170.8624;
-17.03802,171.0142;
-16.36543,171.1639;
-15.71875,171.3115;
-15.09701,171.457;
-14.49937,171.6005;
-13.9249,171.742;
-13.3728,171.8814;
-12.84223,172.0189;
-12.33237,172.1543;
-11.84248,172.2878;
